TTT
01 08 ---  3.8419
01 09 ---  5.9145
01 13 ---  7.8750
03 09 --- 11.0622
05 10 --- 18.9774
07 11 ---  9.6234
08 12 ---  5.5972
09 12 ---  4.8903
11 13 --- 15.6775
TTF
01 08 ---  3.8419
01 09 ---  5.9145
01 13 ---  7.8750
03 09 --- 11.0622
05 10 --- 18.9774
07 11 ---  9.6234
08 12 ---  5.5972
09 12 ---  4.8903
11 13 --- 15.6775
11 14 ---  3.9404
TFT
01 08 ---  3.8419
01 09 ---  5.9145
03 09 --- 11.0622
05 10 --- 18.9774
07 11 ---  9.6234
08 12 ---  8.1544
TFF
01 08 ---  3.8419
01 09 ---  5.9145
03 09 --- 11.0622
05 10 --- 18.9774
07 11 ---  9.6234
08 12 ---  8.1544
11 14 ---  3.9404
FTT
01 08 ---  3.8419
01 13 ---  7.8750
05 10 ---  6.7080
08 12 ---  5.5972
09 12 ---  9.4120
11 13 --- 18.0225
FTF
01 08 ---  3.8419
01 13 ---  7.8750
05 10 ---  6.7080
08 12 ---  5.5972
09 12 ---  9.4120
09 14 ---  4.5730
11 13 --- 18.0225
FFT
01 08 ---  3.8419
05 10 ---  6.7080
08 12 ---  8.1544
09 12 ---  7.6490
FFF
01 08 ---  3.8419
05 10 ---  6.7080
08 12 ---  8.1544
09 12 ---  7.6490
09 14 ---  4.5730

