TTT
01 31 ---  4.7577
01 34 ---  4.5371
01 37 ---  4.4786
02 19 ---  9.4286
03 09 ---  7.0714
03 10 ---  4.3421
03 21 ---  4.0697
03 23 ---  4.2998
03 47 ---  4.0697
03 51 ---  4.0697
04 18 ---  4.9500
04 25 ---  4.3323
04 27 ---  5.2148
04 42 ---  4.9107
04 56 ---  4.9500
05 10 ---  7.9974
05 12 ---  5.7750
06 27 ---  3.8553
06 32 ---  7.6788
07 22 --- 15.9844
07 48 ---  4.6406
08 11 ---  4.0697
08 12 ---  5.7750
08 25 ---  4.0697
09 23 ---  5.4621
09 46 ---  4.8908
10 17 ---  3.9699
10 19 ---  3.9699
10 36 ---  8.1924
11 13 ---  7.8227
11 24 ---  5.1789
11 35 ---  4.7667
11 39 ---  4.4057
11 43 ---  4.3323
11 55 ---  4.3323
11 58 ---  5.1923
12 26 ---  4.3636
12 46 ---  6.3462
13 43 ---  8.6207
13 54 ---  3.9152
14 27 ---  5.3804
14 52 ---  4.8968
16 28 ---  4.4667
16 39 ---  6.3104
16 53 ---  5.4035
16 59 ---  6.3104
17 36 ---  5.3036
17 46 ---  4.0615
17 52 ---  4.2581
18 24 ---  4.0615
18 41 ---  6.3462
18 46 ---  4.0615
18 58 ---  8.6804
19 47 ---  4.0615
19 52 ---  4.2581
19 58 ---  4.5913
20 25 ---  9.0659
20 37 ---  6.8121
20 39 ---  4.0697
20 42 ---  9.2198
21 27 ---  4.1462
21 38 ---  5.0769
21 53 ---  4.7667
22 26 ---  4.2581
25 36 ---  5.8747
25 37 ---  5.0769
25 42 ---  4.0697
25 57 ---  4.0697
26 29 ---  4.9500
26 46 ---  4.0615
26 55 ---  4.9500
27 32 ---  6.1875
27 54 ---  5.8870
28 43 ---  6.9061
29 43 ---  3.9152
29 51 ---  4.3323
34 38 ---  5.7750
34 44 ---  6.6393
35 46 ---  5.9301
36 47 ---  4.0797
37 55 ---  3.9600
37 57 ---  6.8121
38 44 ---  3.9600
39 41 ---  5.1789
39 42 ---  4.0697
40 49 --- 10.2518
41 56 ---  4.0615
43 51 ---  4.8908
44 49 ---  4.9500
46 53 ---  4.7667
47 54 ---  4.3323
47 55 ---  4.8908
47 57 ---  4.0697
48 54 ---  4.2438
49 52 ---  4.2581
51 56 ---  4.0615
52 56 ---  4.2581
55 58 ---  6.9061
56 58 ---  4.5913
TTF
01 31 ---  4.7577
01 34 ---  4.5371
01 37 ---  4.4786
02 19 ---  9.4286
02 44 ---  4.1640
03 09 ---  7.0714
03 10 ---  4.3421
03 14 ---  4.8490
03 21 ---  4.0697
03 23 ---  4.2998
03 47 ---  4.0697
03 51 ---  4.0697
04 18 ---  4.9500
04 25 ---  4.3323
04 27 ---  5.2148
04 42 ---  4.9107
04 56 ---  4.9500
05 10 ---  7.9974
05 12 ---  5.7750
05 29 ---  4.0697
06 27 ---  3.8553
06 32 ---  7.6788
07 22 --- 15.9844
07 48 ---  4.6406
08 11 ---  4.0697
08 12 ---  5.7750
08 25 ---  4.0697
09 23 ---  5.4621
09 46 ---  4.8908
10 17 ---  3.9699
10 19 ---  3.9699
10 36 ---  8.1924
11 13 ---  7.8227
11 24 ---  5.1789
11 35 ---  4.7667
11 39 ---  4.4057
11 43 ---  4.3323
11 55 ---  4.3323
11 58 ---  5.1923
12 26 ---  4.3636
12 29 ---  4.0615
12 46 ---  6.3462
12 59 ---  3.8824
13 43 ---  8.6207
13 54 ---  3.9152
16 28 ---  4.4667
16 39 ---  6.3104
16 53 ---  5.4035
17 36 ---  5.3036
17 44 ---  3.8824
17 46 ---  4.0615
17 52 ---  4.2581
18 24 ---  4.0615
18 41 ---  6.3462
18 46 ---  4.0615
18 58 ---  8.6804
19 47 ---  4.0615
19 52 ---  4.2581
19 58 ---  4.5913
20 25 ---  9.0659
20 37 ---  6.8121
20 39 ---  4.0697
20 42 ---  9.2198
21 27 ---  4.1462
21 38 ---  5.0769
21 53 ---  4.7667
22 26 ---  4.2581
25 36 ---  5.8747
25 37 ---  5.0769
25 42 ---  4.0697
25 57 ---  4.0697
26 46 ---  4.0615
26 55 ---  4.9500
27 32 ---  6.1875
27 54 ---  5.8870
28 43 ---  6.9061
33 59 ---  4.2840
34 38 ---  5.7750
34 44 ---  4.1640
35 46 ---  5.9301
36 47 ---  4.0797
37 55 ---  3.9600
37 57 ---  6.8121
39 41 ---  5.1789
39 42 ---  4.0697
40 49 --- 10.2518
41 56 ---  4.0615
42 44 ---  5.5462
43 51 ---  4.8908
44 49 ---  6.0662
46 53 ---  4.7667
47 54 ---  4.3323
47 55 ---  4.8908
47 57 ---  4.0697
48 54 ---  4.2438
49 52 ---  4.2581
51 56 ---  4.0615
52 56 ---  4.2581
55 58 ---  6.9061
56 58 ---  4.5913
TFT
01 31 ---  4.7577
01 34 ---  4.5371
01 37 ---  4.4786
02 19 ---  9.4286
02 42 ---  4.8490
03 09 ---  7.0714
03 10 ---  4.3421
03 21 ---  4.0697
03 23 ---  4.2998
03 47 ---  4.0697
03 51 ---  4.0697
04 18 ---  4.9500
04 25 ---  4.3323
04 27 ---  5.2148
04 42 ---  4.9107
04 56 ---  4.9500
05 10 ---  7.9974
05 12 ---  4.1026
06 27 ---  7.6365
06 32 ---  7.6788
07 22 --- 15.9844
07 48 ---  4.6406
08 11 ---  4.0697
08 25 ---  4.0697
09 23 ---  5.4621
09 46 ---  4.8908
10 12 ---  4.5877
10 17 ---  3.9699
10 19 ---  3.9699
10 36 ---  8.1924
11 24 ---  5.1789
11 35 ---  4.7667
11 39 ---  4.4057
11 55 ---  4.3323
13 16 ---  6.1755
13 19 ---  4.5913
13 27 ---  7.7478
14 52 ---  4.8968
16 39 ---  6.3104
16 53 ---  5.4035
16 59 ---  6.3104
17 36 ---  5.3036
17 46 ---  4.0615
17 52 ---  4.2581
18 24 ---  4.0615
18 41 ---  6.3462
18 46 ---  4.0615
19 47 ---  4.0615
19 52 ---  4.2581
20 25 ---  9.0659
20 37 ---  6.8121
20 39 ---  4.0697
21 27 ---  8.0437
21 38 ---  5.0769
21 43 ---  5.8747
21 53 ---  4.7667
21 57 ---  4.1462
22 26 ---  4.2581
24 28 ---  4.4057
25 36 ---  5.8747
25 37 ---  5.0769
26 28 ---  7.6788
26 29 ---  4.9500
26 46 ---  4.0615
26 55 ---  4.9500
27 32 ---  6.1875
28 48 ---  5.9301
29 51 ---  4.3323
33 43 ---  7.9655
34 38 ---  5.7750
34 44 ---  6.6393
35 46 ---  5.9301
36 42 ---  4.8490
36 47 ---  4.0797
37 55 ---  3.9600
37 58 ---  4.0797
38 43 ---  5.7750
38 44 ---  3.9600
39 41 ---  5.1789
40 49 --- 10.2518
40 58 ---  4.9303
41 56 ---  4.0615
42 58 ---  5.3049
43 59 ---  5.8747
44 49 ---  4.9500
46 53 ---  4.7667
47 54 ---  4.3323
47 55 ---  4.8908
48 54 ---  4.2438
49 52 ---  4.2581
51 56 ---  4.0615
51 57 ---  4.1462
52 56 ---  4.2581
53 57 --- 11.6196
TFF
01 31 ---  4.7577
01 34 ---  4.5371
01 37 ---  4.4786
02 19 ---  9.4286
02 42 ---  4.8490
02 44 ---  4.1640
03 09 ---  7.0714
03 10 ---  4.3421
03 14 ---  4.8490
03 21 ---  4.0697
03 23 ---  4.2998
03 47 ---  4.0697
03 51 ---  4.0697
04 18 ---  4.9500
04 25 ---  4.3323
04 27 ---  5.2148
04 42 ---  4.9107
04 56 ---  4.9500
05 10 ---  7.9974
05 12 ---  4.1026
05 29 ---  4.0697
06 27 ---  7.6365
06 32 ---  7.6788
07 22 --- 15.9844
07 48 ---  4.6406
08 11 ---  4.0697
08 25 ---  4.0697
09 23 ---  5.4621
09 46 ---  4.8908
10 12 ---  4.5877
10 17 ---  3.9699
10 19 ---  3.9699
10 36 ---  8.1924
11 24 ---  5.1789
11 35 ---  4.7667
11 39 ---  4.4057
11 55 ---  4.3323
13 16 ---  6.1755
13 19 ---  4.5913
13 27 ---  7.7478
16 39 ---  6.3104
16 53 ---  5.4035
17 36 ---  5.3036
17 44 ---  3.8824
17 46 ---  4.0615
17 52 ---  4.2581
18 24 ---  4.0615
18 41 ---  6.3462
18 46 ---  4.0615
19 47 ---  4.0615
19 52 ---  4.2581
20 25 ---  9.0659
20 37 ---  6.8121
20 39 ---  4.0697
21 27 ---  8.0437
21 38 ---  5.0769
21 43 ---  5.8747
21 53 ---  4.7667
21 57 ---  4.1462
22 26 ---  4.2581
24 28 ---  4.4057
25 36 ---  5.8747
25 37 ---  5.0769
26 28 ---  7.6788
26 46 ---  4.0615
26 55 ---  4.9500
27 32 ---  6.1875
28 29 ---  5.1789
28 48 ---  5.9301
33 43 ---  7.9655
33 59 ---  4.2840
34 38 ---  5.7750
34 44 ---  4.1640
35 46 ---  5.9301
36 42 ---  4.8490
36 47 ---  4.0797
37 55 ---  3.9600
37 58 ---  4.0797
38 43 ---  5.7750
39 41 ---  5.1789
40 49 --- 10.2518
40 58 ---  4.9303
41 56 ---  4.0615
42 58 ---  5.3049
44 49 ---  6.0662
46 53 ---  4.7667
47 54 ---  4.3323
47 55 ---  4.8908
48 54 ---  4.2438
49 52 ---  4.2581
51 56 ---  4.0615
51 57 ---  4.1462
52 56 ---  4.2581
53 57 --- 11.6196
FTT
01 26 ---  4.9676
01 31 ---  4.7577
01 34 ---  4.5371
01 37 ---  4.4786
02 19 ---  9.4286
03 21 ---  4.0697
03 23 ---  4.2998
03 47 ---  4.0697
03 51 ---  4.0697
04 18 ---  4.9500
04 27 ---  5.2148
04 42 ---  4.9107
04 56 ---  5.8870
05 12 ---  5.7750
05 25 ---  4.1026
05 39 ---  4.9107
06 27 ---  3.8553
06 32 ---  7.6788
07 22 --- 15.9844
07 48 ---  4.6406
08 11 ---  4.8490
08 12 ---  5.7750
08 25 ---  4.1026
09 46 ---  5.6293
09 47 ---  5.1923
10 19 ---  6.1875
10 36 ---  4.9107
10 50 ---  8.2598
11 13 ---  6.3032
11 35 ---  4.1905
11 51 ---  4.0797
11 58 ---  4.3095
12 46 ---  6.3462
13 43 ---  8.6207
14 27 ---  5.3804
14 52 ---  4.8968
16 28 ---  4.4667
16 53 ---  5.4035
16 59 ---  6.3104
17 36 ---  5.3036
17 46 ---  4.0615
17 52 ---  4.2581
17 54 ---  4.3636
18 46 ---  4.0615
18 58 ---  8.6804
19 47 ---  4.0615
19 52 ---  4.2581
19 58 ---  4.5913
20 37 ---  6.8121
20 39 ---  7.0714
20 42 ---  9.2198
20 55 ---  4.9107
21 25 ---  6.8640
21 27 ---  4.1462
21 38 ---  5.0769
21 40 ---  5.1789
21 53 ---  4.7667
25 29 ---  4.6255
25 57 ---  4.1026
26 43 ---  5.2148
26 46 ---  3.8553
27 32 ---  6.1875
28 43 ---  6.9061
29 43 ---  3.9152
29 51 ---  4.3323
34 38 ---  5.7750
34 44 ---  6.6393
35 46 ---  5.9301
36 47 ---  4.0797
37 57 ---  6.8121
38 44 ---  3.9600
39 55 ---  3.9152
39 56 ---  5.8870
40 49 ---  4.0615
43 51 ---  4.8908
44 49 ---  4.9500
46 53 ---  4.7667
47 57 ---  4.0697
49 52 ---  4.2581
55 58 ---  7.2743
FTF
01 26 ---  4.9676
01 31 ---  4.7577
01 34 ---  4.5371
01 37 ---  4.4786
02 19 ---  9.4286
02 44 ---  4.1640
03 14 ---  4.8490
03 21 ---  4.0697
03 23 ---  4.2998
03 47 ---  4.0697
03 51 ---  4.0697
04 18 ---  4.9500
04 27 ---  5.2148
04 42 ---  4.9107
04 56 ---  5.8870
05 12 ---  5.7750
05 25 ---  4.1026
05 29 ---  4.0697
05 39 ---  4.9107
06 27 ---  3.8553
06 32 ---  7.6788
07 22 --- 15.9844
07 48 ---  4.6406
08 11 ---  4.8490
08 12 ---  5.7750
08 25 ---  4.1026
09 14 ---  4.3095
09 46 ---  5.6293
09 47 ---  5.1923
10 19 ---  6.1875
10 36 ---  4.9107
10 50 ---  8.2598
11 13 ---  6.3032
11 35 ---  4.1905
11 51 ---  4.0797
11 58 ---  4.3095
12 29 ---  4.0615
12 46 ---  6.3462
12 59 ---  3.8824
13 43 ---  8.6207
14 41 ---  3.9332
16 28 ---  4.4667
16 53 ---  5.4035
17 36 ---  5.3036
17 44 ---  3.8824
17 46 ---  4.0615
17 52 ---  4.2581
17 54 ---  4.3636
18 46 ---  4.0615
18 58 ---  8.6804
19 47 ---  4.0615
19 52 ---  4.2581
19 58 ---  4.5913
20 37 ---  6.8121
20 39 ---  7.0714
20 42 ---  9.2198
20 55 ---  4.9107
21 25 ---  6.8640
21 27 ---  4.1462
21 38 ---  5.0769
21 40 ---  5.1789
21 53 ---  4.7667
25 57 ---  4.1026
26 43 ---  5.2148
26 46 ---  3.8553
27 32 ---  6.1875
28 43 ---  6.9061
33 59 ---  4.2840
34 38 ---  5.7750
34 44 ---  4.1640
35 46 ---  5.9301
36 47 ---  4.0797
37 57 ---  6.8121
39 55 ---  3.9152
39 56 ---  5.8870
40 49 ---  4.0615
42 44 ---  5.5462
43 51 ---  4.8908
44 49 ---  6.0662
46 53 ---  4.7667
47 57 ---  4.0697
49 52 ---  4.2581
55 58 ---  7.2743
FFT
01 26 ---  4.9676
01 31 ---  4.7577
01 34 ---  4.5371
01 37 ---  4.4786
02 19 ---  9.4286
02 42 ---  4.8490
03 21 ---  4.0697
03 23 ---  4.2998
03 47 ---  4.0697
03 51 ---  4.0697
04 18 ---  4.9500
04 27 ---  5.2148
04 42 ---  4.9107
04 56 ---  5.8870
05 12 ---  4.1026
05 25 ---  4.1026
05 39 ---  4.9107
06 27 ---  7.6365
06 32 ---  7.6788
07 22 --- 15.9844
07 48 ---  4.6406
08 11 ---  4.8490
08 25 ---  4.1026
09 12 ---  4.5913
09 46 ---  5.6293
09 47 ---  5.1923
10 19 ---  6.1875
10 36 ---  4.9107
10 50 ---  8.2598
11 35 ---  4.1905
11 51 ---  4.0797
12 24 ---  5.1832
13 16 ---  6.1755
13 19 ---  4.5913
13 27 ---  7.7478
14 52 ---  4.8968
16 53 ---  5.4035
16 59 ---  6.3104
17 36 ---  5.3036
17 46 ---  4.0615
17 52 ---  4.2581
17 54 ---  4.3636
18 46 ---  4.0615
19 47 ---  4.0615
19 52 ---  4.2581
20 37 ---  6.8121
20 39 ---  7.0714
20 55 ---  4.9107
21 25 ---  6.8640
21 27 ---  8.0437
21 38 ---  5.0769
21 40 ---  5.1789
21 43 ---  5.8747
21 53 ---  4.7667
21 57 ---  4.1462
25 29 ---  4.6255
26 28 ---  3.8553
26 46 ---  3.8553
27 32 ---  6.1875
27 40 ---  3.8553
28 39 ---  4.8908
28 48 ---  5.9301
29 51 ---  4.3323
33 43 ---  7.9655
34 38 ---  5.7750
34 44 ---  6.6393
35 46 ---  5.9301
36 42 ---  4.8490
36 47 ---  4.0797
37 58 ---  4.0797
38 43 ---  5.7750
38 44 ---  3.9600
39 55 ---  3.9152
39 56 ---  5.8870
40 49 ---  4.0615
40 58 ---  5.7750
42 58 ---  5.3049
43 59 ---  5.8747
44 49 ---  4.9500
46 53 ---  4.7667
49 52 ---  4.2581
51 57 ---  4.1462
53 57 --- 11.6196
FFF
01 26 ---  4.9676
01 31 ---  4.7577
01 34 ---  4.5371
01 37 ---  4.4786
02 19 ---  9.4286
02 42 ---  4.8490
02 44 ---  4.1640
03 14 ---  4.8490
03 21 ---  4.0697
03 23 ---  4.2998
03 47 ---  4.0697
03 51 ---  4.0697
04 18 ---  4.9500
04 27 ---  5.2148
04 42 ---  4.9107
04 56 ---  5.8870
05 12 ---  4.1026
05 25 ---  4.1026
05 29 ---  4.0697
05 39 ---  4.9107
06 27 ---  7.6365
06 32 ---  7.6788
07 22 --- 15.9844
07 48 ---  4.6406
08 11 ---  4.8490
08 25 ---  4.1026
09 12 ---  4.5913
09 14 ---  4.3095
09 46 ---  5.6293
09 47 ---  5.1923
10 19 ---  6.1875
10 36 ---  4.9107
10 50 ---  8.2598
11 35 ---  4.1905
11 51 ---  4.0797
12 24 ---  5.1832
13 16 ---  6.1755
13 19 ---  4.5913
13 27 ---  7.7478
14 41 ---  3.9332
16 53 ---  5.4035
17 36 ---  5.3036
17 44 ---  3.8824
17 46 ---  4.0615
17 52 ---  4.2581
17 54 ---  4.3636
18 46 ---  4.0615
19 47 ---  4.0615
19 52 ---  4.2581
20 37 ---  6.8121
20 39 ---  7.0714
20 55 ---  4.9107
21 25 ---  6.8640
21 27 ---  8.0437
21 38 ---  5.0769
21 40 ---  5.1789
21 43 ---  5.8747
21 53 ---  4.7667
21 57 ---  4.1462
26 28 ---  3.8553
26 46 ---  3.8553
27 32 ---  6.1875
27 40 ---  3.8553
28 29 ---  5.1789
28 39 ---  4.8908
28 48 ---  5.9301
33 43 ---  7.9655
33 59 ---  4.2840
34 38 ---  5.7750
34 44 ---  4.1640
35 46 ---  5.9301
36 42 ---  4.8490
36 47 ---  4.0797
37 58 ---  4.0797
38 43 ---  5.7750
39 55 ---  3.9152
39 56 ---  5.8870
40 49 ---  4.0615
40 58 ---  5.7750
42 58 ---  5.3049
44 49 ---  6.0662
46 53 ---  4.7667
49 52 ---  4.2581
51 57 ---  4.1462
53 57 --- 11.6196

