1 31 --- 4.7577
1 34 --- 4.5371
1 37 --- 4.4786
2 19 --- 9.4286
3 9 --- 7.0714
3 10 --- 4.3421
3 21 --- 4.0697
3 23 --- 4.2998
3 47 --- 4.0697
3 51 --- 4.0697
4 18 --- 4.9500
4 25 --- 4.3323
4 27 --- 5.2148
4 42 --- 4.9107
4 56 --- 4.9500
5 10 --- 7.9974
5 12 --- 5.7750
6 27 --- 3.8553
6 32 --- 7.6788
7 22 --- 15.9844
7 48 --- 4.6406
8 11 --- 4.0697
8 12 --- 5.7750
8 25 --- 4.0697
9 23 --- 5.4621
9 46 --- 4.8908
10 17 --- 3.9699
10 19 --- 3.9699
10 36 --- 8.1924
11 13 --- 7.8227
11 24 --- 5.1789
11 35 --- 4.7667
11 39 --- 4.4057
11 43 --- 4.3323
11 55 --- 4.3323
11 58 --- 5.1923
12 26 --- 4.3636
12 46 --- 6.3462
13 43 --- 8.6207
13 54 --- 3.9152
14 27 --- 5.3804
14 52 --- 4.8968
16 28 --- 4.4667
16 39 --- 6.3104
16 53 --- 5.4035
16 59 --- 6.3104
17 36 --- 5.3036
17 46 --- 4.0615
17 52 --- 4.2581
17 61 --- 6.8182
18 24 --- 4.0615
18 41 --- 6.3462
18 46 --- 4.0615
18 58 --- 8.6804
19 47 --- 4.0615
19 52 --- 4.2581
19 58 --- 4.5913
20 25 --- 9.0659
20 37 --- 6.8121
20 39 --- 4.0697
20 42 --- 9.2198
21 27 --- 4.1462
21 38 --- 5.0769
21 53 --- 4.7667
22 26 --- 4.2581
25 36 --- 5.8747
25 37 --- 5.0769
25 42 --- 4.0697
25 57 --- 4.0697
26 29 --- 4.9500
26 46 --- 4.0615
26 55 --- 4.9500
27 32 --- 6.1875
27 54 --- 5.8870
28 43 --- 6.9061
29 43 --- 3.9152
29 51 --- 4.3323
34 38 --- 5.7750
34 44 --- 6.6393
34 60 --- 4.0797
35 46 --- 5.9301
36 47 --- 4.0797
37 55 --- 3.9600
37 57 --- 6.8121
38 44 --- 3.9600
39 41 --- 5.1789
39 42 --- 4.0697
39 62 --- 4.3323
40 49 --- 10.2518
41 56 --- 4.0615
43 51 --- 4.8908
44 49 --- 4.9500
44 60 --- 4.3323
44 61 --- 8.8000
46 53 --- 4.7667
46 61 --- 4.0615
47 54 --- 4.3323
47 55 --- 4.8908
47 57 --- 4.0697
48 54 --- 4.2438
49 52 --- 4.2581
51 56 --- 4.0615
52 56 --- 4.2581
52 61 --- 4.2581
55 58 --- 6.9061
56 58 --- 4.5913